155 93
3 5
3 3 3 3 3 3 3 3 3 3 3 3 3 3 3 3 3 3 3 3 3 3 3 3 3 3 3 3 3 3 3 3 3 3 3 3 3 3 3 3 3 3 3 3 3 3 3 3 3 3 3 3 3 3 3 3 3 3 3 3 3 3 3 3 3 3 3 3 3 3 3 3 3 3 3 3 3 3 3 3 3 3 3 3 3 3 3 3 3 3 3 3 3 3 3 3 3 3 3 3 3 3 3 3 3 3 3 3 3 3 3 3 3 3 3 3 3 3 3 3 3 3 3 3 3 3 3 3 3 3 3 3 3 3 3 3 3 3 3 3 3 3 3 3 3 3 3 3 3 3 3 3 3 3 3 
5 5 5 5 5 5 5 5 5 5 5 5 5 5 5 5 5 5 5 5 5 5 5 5 5 5 5 5 5 5 5 5 5 5 5 5 5 5 5 5 5 5 5 5 5 5 5 5 5 5 5 5 5 5 5 5 5 5 5 5 5 5 5 5 5 5 5 5 5 5 5 5 5 5 5 5 5 5 5 5 5 5 5 5 5 5 5 5 5 5 5 5 5
1 36 87 
2 37 88 
3 38 89 
4 39 90 
5 40 91 
6 41 92 
7 42 93 
8 43 63 
9 44 64 
10 45 65 
11 46 66 
12 47 67 
13 48 68 
14 49 69 
15 50 70 
16 51 71 
17 52 72 
18 53 73 
19 54 74 
20 55 75 
21 56 76 
22 57 77 
23 58 78 
24 59 79 
25 60 80 
26 61 81 
27 62 82 
28 32 83 
29 33 84 
30 34 85 
31 35 86 
2 41 81 
3 42 82 
4 43 83 
5 44 84 
6 45 85 
7 46 86 
8 47 87 
9 48 88 
10 49 89 
11 50 90 
12 51 91 
13 52 92 
14 53 93 
15 54 63 
16 55 64 
17 56 65 
18 57 66 
19 58 67 
20 59 68 
21 60 69 
22 61 70 
23 62 71 
24 32 72 
25 33 73 
26 34 74 
27 35 75 
28 36 76 
29 37 77 
30 38 78 
31 39 79 
1 40 80 
4 51 69 
5 52 70 
6 53 71 
7 54 72 
8 55 73 
9 56 74 
10 57 75 
11 58 76 
12 59 77 
13 60 78 
14 61 79 
15 62 80 
16 32 81 
17 33 82 
18 34 83 
19 35 84 
20 36 85 
21 37 86 
22 38 87 
23 39 88 
24 40 89 
25 41 90 
26 42 91 
27 43 92 
28 44 93 
29 45 63 
30 46 64 
31 47 65 
1 48 66 
2 49 67 
3 50 68 
8 40 76 
9 41 77 
10 42 78 
11 43 79 
12 44 80 
13 45 81 
14 46 82 
15 47 83 
16 48 84 
17 49 85 
18 50 86 
19 51 87 
20 52 88 
21 53 89 
22 54 90 
23 55 91 
24 56 92 
25 57 93 
26 58 63 
27 59 64 
28 60 65 
29 61 66 
30 62 67 
31 32 68 
1 33 69 
2 34 70 
3 35 71 
4 36 72 
5 37 73 
6 38 74 
7 39 75 
16 49 90 
17 50 91 
18 51 92 
19 52 93 
20 53 63 
21 54 64 
22 55 65 
23 56 66 
24 57 67 
25 58 68 
26 59 69 
27 60 70 
28 61 71 
29 62 72 
30 32 73 
31 33 74 
1 34 75 
2 35 76 
3 36 77 
4 37 78 
5 38 79 
6 39 80 
7 40 81 
8 41 82 
9 42 83 
10 43 84 
11 44 85 
12 45 86 
13 46 87 
14 47 88 
15 48 89 
1 62 91 118 141 
2 32 92 119 142 
3 33 93 120 143 
4 34 63 121 144 
5 35 64 122 145 
6 36 65 123 146 
7 37 66 124 147 
8 38 67 94 148 
9 39 68 95 149 
10 40 69 96 150 
11 41 70 97 151 
12 42 71 98 152 
13 43 72 99 153 
14 44 73 100 154 
15 45 74 101 155 
16 46 75 102 125 
17 47 76 103 126 
18 48 77 104 127 
19 49 78 105 128 
20 50 79 106 129 
21 51 80 107 130 
22 52 81 108 131 
23 53 82 109 132 
24 54 83 110 133 
25 55 84 111 134 
26 56 85 112 135 
27 57 86 113 136 
28 58 87 114 137 
29 59 88 115 138 
30 60 89 116 139 
31 61 90 117 140 
28 54 75 117 139 
29 55 76 118 140 
30 56 77 119 141 
31 57 78 120 142 
1 58 79 121 143 
2 59 80 122 144 
3 60 81 123 145 
4 61 82 124 146 
5 62 83 94 147 
6 32 84 95 148 
7 33 85 96 149 
8 34 86 97 150 
9 35 87 98 151 
10 36 88 99 152 
11 37 89 100 153 
12 38 90 101 154 
13 39 91 102 155 
14 40 92 103 125 
15 41 93 104 126 
16 42 63 105 127 
17 43 64 106 128 
18 44 65 107 129 
19 45 66 108 130 
20 46 67 109 131 
21 47 68 110 132 
22 48 69 111 133 
23 49 70 112 134 
24 50 71 113 135 
25 51 72 114 136 
26 52 73 115 137 
27 53 74 116 138 
8 45 88 112 129 
9 46 89 113 130 
10 47 90 114 131 
11 48 91 115 132 
12 49 92 116 133 
13 50 93 117 134 
14 51 63 118 135 
15 52 64 119 136 
16 53 65 120 137 
17 54 66 121 138 
18 55 67 122 139 
19 56 68 123 140 
20 57 69 124 141 
21 58 70 94 142 
22 59 71 95 143 
23 60 72 96 144 
24 61 73 97 145 
25 62 74 98 146 
26 32 75 99 147 
27 33 76 100 148 
28 34 77 101 149 
29 35 78 102 150 
30 36 79 103 151 
31 37 80 104 152 
1 38 81 105 153 
2 39 82 106 154 
3 40 83 107 155 
4 41 84 108 125 
5 42 85 109 126 
6 43 86 110 127 
7 44 87 111 128 